2.2831050228310503
0.7305936073059361
0.6392694063926941
-1.6894977168949772
0.9589041095890412
-0.22831050228310504
1.6438356164383563
0.22831050228310504
-1.1415525114155252
0.31963470319634707
0.6849315068493151
1.7808219178082192
0.8675799086757991
-1.6438356164383563
0.5022831050228311
2.2831050228310503
-0.36529680365296807
-0.7305936073059361
2.146118721461187
0.22831050228310504
0.5022831050228311
-0.5936073059360731
-0.5022831050228311
2.2374429223744294
1.3698630136986303
-0.6849315068493151
-2.1917808219178085
0.27397260273972607
0.9589041095890412
-1.2328767123287672
0.6392694063926941
-0.31963470319634707
-0.4566210045662101
-0.31963470319634707
-0.4566210045662101
0.7305936073059361
-1.4611872146118723
-0.13698630136986303
-1.6438356164383563
-1.5525114155251143
-0.4566210045662101
0.18264840182648404
-1.0502283105022832
0.9589041095890412
-1.2328767123287672
0.4109589041095891
0.4566210045662101
-1.0958904109589043
0.7305936073059361
-0.5479452054794521
-0.31963470319634707
0.7762557077625571
-0.09132420091324202
0.5022831050228311
1.5525114155251143
-0.9132420091324202
0.5936073059360731
-0.31963470319634707
-1.2785388127853883
-0.6392694063926941
-0.22831050228310504
0.4109589041095891
-1.7351598173515983
-0.6849315068493151
1.3698630136986303
-1.1872146118721463
0.09132420091324202
1.4155251141552512
-0.9589041095890412
-0.09132420091324202
-0.13698630136986303
0.6392694063926941
0.27397260273972607
1.6894977168949772
0.8675799086757991
0.7305936073059361
1.3242009132420092
-1.0502283105022832
1.1415525114155252
0.36529680365296807
0.18264840182648404
2.0091324200913245
0.7762557077625571
-0.8219178082191781
0.7305936073059361
0.7305936073059361
0.31963470319634707
-0.4109589041095891
-0.6392694063926941
-0.13698630136986303
-0.27397260273972607
0.13698630136986303
1.0045662100456623
2.146118721461187
-0.18264840182648404
-0.6392694063926941
-1.3242009132420092
-0.8219178082191781
-2.0091324200913245
-0.27397260273972607